Pos	A	C	G	T
1	0.212701	0.295715	0.287682	0.203902
2	0.210023	0.282708	0.311783	0.195486
3	0.219587	0.299158	0.278883	0.202372
4	0.208493	0.278883	0.301836	0.210788
5	0.196251	0.305279	0.298393	0.200077
6	0.197399	0.289594	0.302984	0.210023
7	0.219204	0.290742	0.292272	0.197781
8	0.215761	0.279648	0.297246	0.207345
9	0.219587	0.273145	0.298393	0.208875
10	0.200842	0.287299	0.282708	0.229151
11	0.206580	0.293037	0.296863	0.203520
12	0.204285	0.293803	0.285004	0.216909
13	0.198929	0.301454	0.298011	0.201607
14	0.202372	0.310635	0.267789	0.219204
15	0.215379	0.282708	0.271614	0.230298
16	0.211553	0.309870	0.284239	0.194338
17	0.219587	0.293803	0.266641	0.219969
18	0.221882	0.266641	0.294950	0.216526
19	0.208110	0.295333	0.278118	0.218439
20	0.216526	0.270849	0.299158	0.213466
21	0.232976	0.245218	0.311400	0.210406
22	0.184009	0.353481	0.278118	0.184392
23	0.131982	0.592196	0.165647	0.110176
24	0.394797	0.342005	0.135807	0.127391
25	0.057001	0.659908	0.141163	0.141928
26	0.039021	0.738332	0.072303	0.150344
27	0.814461	0.007651	0.012242	0.165647
28	0.079572	0.029839	0.874139	0.016450
29	0.023718	0.001148	0.971308	0.003826
30	0.006503	0.005356	0.028309	0.959832
31	0.029074	0.056618	0.895945	0.018363
32	0.231446	0.117445	0.565417	0.085692
33	0.138868	0.429992	0.262050	0.169090
34	0.262433	0.289212	0.303366	0.144989
35	0.202754	0.333971	0.272762	0.190513
36	0.192043	0.324790	0.258607	0.224560
37	0.230681	0.257842	0.304897	0.206580
38	0.197781	0.277735	0.317904	0.206580
39	0.214614	0.291890	0.290360	0.203137
40	0.202372	0.266641	0.334353	0.196634
41	0.206580	0.295715	0.311018	0.186687
42	0.219587	0.283856	0.296098	0.200459
43	0.203902	0.319434	0.283474	0.193191
44	0.208875	0.302219	0.268171	0.220735
45	0.213083	0.282708	0.293803	0.210406
46	0.188217	0.312165	0.304897	0.194721
47	0.214614	0.275440	0.304132	0.205815
48	0.219969	0.271997	0.305279	0.202754
49	0.198929	0.290360	0.314843	0.195868
50	0.208875	0.298776	0.294950	0.197399
51	0.209640	0.296863	0.293037	0.200459
52	0.207728	0.294568	0.298776	0.198929
53	0.199694	0.298776	0.294568	0.206963
54	0.218822	0.284621	0.286151	0.210406
55	0.197781	0.300689	0.298776	0.202754
56	0.213083	0.283474	0.295333	0.208110
57	0.198929	0.271997	0.319816	0.209258
58	0.197399	0.289212	0.303749	0.209640
59	0.204285	0.297628	0.304132	0.193956
60	0.214231	0.268171	0.298776	0.218822
61	0.198929	0.300306	0.301454	0.199311
62	0.207728	0.282326	0.292655	0.217292
63	0.211936	0.293037	0.306044	0.188982
64	0.213083	0.292272	0.286917	0.207728
65	0.200077	0.288064	0.304897	0.206963
66	0.222265	0.286151	0.288447	0.203137
67	0.218439	0.286534	0.286534	0.208493
68	0.207728	0.289594	0.284621	0.218057
69	0.200459	0.276970	0.302601	0.219969
70	0.195486	0.292655	0.299923	0.211936
